extrinsics:
- rvec:
  - - -0.33110891494154004
  - - -0.4681709547720584
  - - -2.992996319509215
  tvec:
  - - 0.1290170597263036
  - - 0.09761846692877472
  - - 0.28768592683986666
- rvec:
  - - -1.5654928559027357
  - - 0.09509733731200101
  - - 2.4948328714924854
  tvec:
  - - -0.029652409453388935
  - - 0.048981417286912535
  - - 0.48649975397592204
- rvec:
  - - -0.8159324297540235
  - - -1.061871615664063
  - - 1.2946504929620497
  tvec:
  - - -0.13932589486232672
  - - -0.13729426307662926
  - - 0.4457945179167865
- rvec:
  - - -0.8072480677034196
  - - -1.008083822768317
  - - 1.27073992803625
  tvec:
  - - -0.08890637737109296
  - - -0.13492618310903406
  - - 0.46223239537556954
- rvec:
  - - -0.7495737182261876
  - - -0.9782062609645211
  - - 1.366325854034683
  tvec:
  - - 0.025078585914769337
  - - -0.12700798530976465
  - - 0.4708887834494352
- rvec:
  - - -0.6127793539615726
  - - -0.8727823196366203
  - - 1.433491245873209
  tvec:
  - - 0.10860543817923723
  - - -0.1341937161368605
  - - 0.4816924410801368
- rvec:
  - - -0.3016414981744298
  - - -0.4847533423081006
  - - 1.6010634254235743
  tvec:
  - - 0.2222933453233997
  - - -0.12142276803029702
  - - 0.4576136170724559
- rvec:
  - - -0.15660596710888688
  - - -0.21286311004029818
  - - 1.6284739594626096
  tvec:
  - - 0.3360458478695799
  - - -0.11531763973218666
  - - 0.4159847071614072
- rvec:
  - - 0.7013601728920176
  - - 0.921136554630596
  - - 1.5145657643554946
  tvec:
  - - 0.27679914533220495
  - - -0.08965670396632312
  - - 0.39737959908712456
- rvec:
  - - 0.5855966534741589
  - - 0.8198729367083325
  - - 1.5879539254280326
  tvec:
  - - 0.19530871668789937
  - - -0.08470109678436402
  - - 0.4025833586539367
- rvec:
  - - 0.4574086890366911
  - - 0.6564030282125851
  - - 1.6450353595876297
  tvec:
  - - 0.12563520097602243
  - - -0.09776572991298164
  - - 0.4253083092111574
- rvec:
  - - 0.361680298619839
  - - 0.5311841152273797
  - - 1.654056761436377
  tvec:
  - - 0.04068035885133341
  - - -0.08544111372177506
  - - 0.4209584943589265
- rvec:
  - - -1.355629894641742
  - - 0.26323662448597357
  - - 2.6506981197974167
  tvec:
  - - 0.08374050958110955
  - - 0.061894370604470464
  - - 0.4941455022848403
- rvec:
  - - 0.14552667977383224
  - - 0.3243722515201368
  - - 1.6395132988295733
  tvec:
  - - -0.059012038583240244
  - - -0.08867914347985381
  - - 0.42985379415327274
- rvec:
  - - -0.07333879438707207
  - - 0.01825754802741474
  - - 1.6644278758668944
  tvec:
  - - -0.11304361437174136
  - - -0.0806669653653352
  - - 0.46032019083703357
- rvec:
  - - 0.2678958677253997
  - - -0.43586752409181456
  - - -3.0418426059454404
  tvec:
  - - -0.03030283340262341
  - - 0.18335007089238795
  - - 0.48682418956411805
- rvec:
  - - -0.03772541383127773
  - - -0.5220144461566174
  - - -3.0596043761764453
  tvec:
  - - 0.14196766179497536
  - - 0.15922700124527353
  - - 0.45263660613207757
- rvec:
  - - -0.13003053467639578
  - - -0.680915107426602
  - - -2.9013604885912785
  tvec:
  - - 0.3113032566733947
  - - 0.18121752239374794
  - - 0.4075464315499011
- rvec:
  - - 0.3474325521621173
  - - -0.9091837372417106
  - - 2.8719144984164138
  tvec:
  - - 0.24272922029164554
  - - 0.02386350407296693
  - - 0.40306524577211467
- rvec:
  - - -0.051093782132454496
  - - -0.488256378271719
  - - -3.0963731280513054
  tvec:
  - - 0.13332189667316086
  - - 0.008335876394264216
  - - 0.3850521224061867
- rvec:
  - - -0.8759841368050792
  - - 0.05447047463420992
  - - 2.95948099195961
  tvec:
  - - -0.0010605449409178968
  - - 0.0291312692421557
  - - 0.5052530036258818
- rvec:
  - - 0.6809674994544644
  - - 0.022294999423012225
  - - -2.7648158938610647
  tvec:
  - - 0.03062859514524476
  - - 0.16325228829254784
  - - 0.5054035580311034
- rvec:
  - - 0.3099680974959698
  - - -0.49970145874801114
  - - -2.774757299695181
  tvec:
  - - 0.15834515911213068
  - - 0.14840475124210908
  - - 0.46718193778816475
- rvec:
  - - -1.0230180231427226
  - - 0.23081667820456683
  - - 2.802512758374427
  tvec:
  - - 0.19858566777718759
  - - 0.06145506780461688
  - - 0.46609688774747216
- rvec:
  - - -0.7640269193626343
  - - 0.1776890069775009
  - - 2.9720688003587568
  tvec:
  - - 0.2730322207083884
  - - 0.09057433059275462
  - - 0.41125288011237443
- rvec:
  - - -1.6106495271149575
  - - -0.14501070219182896
  - - -2.6680124577574897
  tvec:
  - - 0.14147012824352115
  - - 0.08287403450003147
  - - 0.2333056623228151
- rvec:
  - - -1.5087596732938662
  - - -0.12762450164384162
  - - -2.729024396154528
  tvec:
  - - 0.0882955336846762
  - - 0.08964551300043593
  - - 0.2277922036010196
- rvec:
  - - -1.2390177647671006
  - - -0.10418388473740557
  - - -2.8120374573312783
  tvec:
  - - 0.0414090276748403
  - - 0.08841562054499301
  - - 0.27439682754995504
- rvec:
  - - -1.1245417758458076
  - - -0.07102041097903466
  - - -2.851681388395987
  tvec:
  - - -0.007980172289890505
  - - 0.08920954762012048
  - - 0.29064184610779026
- rvec:
  - - -0.7322612259060344
  - - -0.12654257490687096
  - - -2.9515782636180896
  tvec:
  - - -0.04706657157929791
  - - 0.09672101155379324
  - - 0.3098138990772227
image_size: !!python/tuple
- 1920
- 1200
intrinsics:
  camera_matrix:
  - - 1485.2687851591857
    - 0.0
    - 934.1572632883946
  - - 0.0
    - 1490.4430046079653
    - 595.2092821858668
  - - 0.0
    - 0.0
    - 1.0
  dist_coeffs:
  - - -0.43200115507540965
  - - 0.2601958984196935
  - - 0.00024050706736721372
  - - 0.0002996048916861198
  - - -0.10031149710365025
per_frame_errors:
- 0.03278442625099233
- 0.039959067511047365
- 0.04939055487460288
- 0.04948911970653572
- 0.04875486298488933
- 0.04270120847136146
- 0.04812505318033598
- 0.05274852014504345
- 0.04871945716991883
- 0.05246290254639241
- 0.05079973356784706
- 0.05003168306671546
- 0.04607907964838045
- 0.05174069812621082
- 0.061995570926150975
- 0.026283461399637126
- 0.025548320638415847
- 0.03083367333086195
- 0.03072240129024998
- 0.027580545524789953
- 0.028054856445141097
- 0.03922200038161415
- 0.027768989088377903
- 0.04790340451470363
- 0.04523852283964657
- 0.03344602490764446
- 0.04090367804478414
- 0.043267181854062635
- 0.04262141135172223
- 0.038501643223491595
valid_files_count: 30
