extrinsics:
- rvec:
  - - -0.3445686540659492
  - - 0.3296102436886761
  - - 3.0482178564938622
  tvec:
  - - 0.11063121887548752
  - - 0.08573774932457494
  - - 0.41017561215557474
- rvec:
  - - -1.5201291482001957
  - - 0.17501254060108482
  - - 2.6389735963561027
  tvec:
  - - -0.04083798932442004
  - - 0.06551952576417379
  - - 0.5722307801401698
- rvec:
  - - 0.6969126458276618
  - - 0.8776338311559996
  - - 1.5842612062993795
  tvec:
  - - 0.15241618829848233
  - - -0.10515319362648558
  - - 0.44471415306446277
- rvec:
  - - 0.496478976275625
  - - 0.7021004087092259
  - - 1.6299598549004786
  tvec:
  - - 0.10931669080950175
  - - -0.10176389867564983
  - - 0.45446744412837625
- rvec:
  - - 0.3664587264916556
  - - 0.5735443866272721
  - - 1.6641817985391352
  tvec:
  - - 0.0454759404843433
  - - -0.10155812901841695
  - - 0.4746785301794979
- rvec:
  - - 0.18848820485665072
  - - 0.38816537596338235
  - - 1.6957162006320532
  tvec:
  - - -0.036799526141186076
  - - -0.10191629782120737
  - - 0.47766155507175867
- rvec:
  - - -0.6916559031473254
  - - 0.4549021346013413
  - - 2.9827907593323957
  tvec:
  - - -0.002177674586402521
  - - 0.16087342597183293
  - - 0.5628103713076013
- rvec:
  - - -0.8430726100458505
  - - 0.5902147748569452
  - - 2.8429584781074686
  tvec:
  - - 0.02192482713349647
  - - 0.042095597640849754
  - - 0.5577645308242487
- rvec:
  - - 0.010366579349441274
  - - -0.6685081669096495
  - - -3.0284218919909613
  tvec:
  - - 0.25808830151042134
  - - 0.14858589765031943
  - - 0.5136471413932681
- rvec:
  - - 0.42640917083265634
  - - -0.861154423791169
  - - -2.904680818643543
  tvec:
  - - 0.15407614317584223
  - - 0.10241906133195124
  - - 0.521652096597365
- rvec:
  - - 0.37235796630620627
  - - 0.33096498984797
  - - -2.4810123119306153
  tvec:
  - - 0.1328120672573405
  - - 0.16191851583316139
  - - 0.5728980308852384
- rvec:
  - - -1.3321114761610315
  - - 0.15916513295876
  - - 2.730130100547014
  tvec:
  - - 0.06965944103554943
  - - 0.05724884641395457
  - - 0.5574860578522751
- rvec:
  - - -0.14735690936387524
  - - -0.6165230738873322
  - - 2.7925469814314052
  tvec:
  - - 0.2465962941621609
  - - 0.10558010422992903
  - - 0.5467669814661954
- rvec:
  - - -0.15395616076395954
  - - -0.49539743176612
  - - 3.0671513554325798
  tvec:
  - - 0.1536728778238573
  - - 0.052654514974302194
  - - 0.5197602515098596
- rvec:
  - - 0.122825488920977
  - - 0.6427651189154383
  - - 1.6430932368638544
  tvec:
  - - 0.2841589330278125
  - - -0.07763548235125343
  - - 0.5653279008196194
- rvec:
  - - -1.1017710596949126
  - - 0.6420160279213584
  - - 2.626005566968115
  tvec:
  - - 0.11341870910252096
  - - 0.13474324784385933
  - - 0.6181521702219752
- rvec:
  - - 0.7910931676894949
  - - 0.7013108431551521
  - - -2.608507328150938
  tvec:
  - - 0.014318407395430032
  - - 0.10914325415491777
  - - 0.5933493167416336
- rvec:
  - - 0.056181792662108265
  - - 0.37429847726992554
  - - 2.461663961003094
  tvec:
  - - 0.0948517728040434
  - - 0.024154824999402066
  - - 0.5864245771419012
- rvec:
  - - -0.29550903657168587
  - - 0.42373035630587497
  - - 2.0867713243892467
  tvec:
  - - -0.008682074349226887
  - - -0.02301007154922028
  - - 0.6511805431649053
- rvec:
  - - -0.6233322839297127
  - - 0.4231476615457962
  - - 1.8569899906564447
  tvec:
  - - 0.15145465046774095
  - - -0.04847783071007044
  - - 0.7176733252559084
- rvec:
  - - -0.41131786906447004
  - - 0.4050416549104873
  - - 2.2943436865600537
  tvec:
  - - 0.30452162940927746
  - - -1.7900790540039726e-05
  - - 0.6749934223353781
- rvec:
  - - -0.4016974060339106
  - - 0.6190683276870913
  - - 2.9798625708951336
  tvec:
  - - 0.2174170220775717
  - - 0.057820510643173895
  - - 0.4611390211682395
- rvec:
  - - -0.9411702273868443
  - - -0.5006018456782715
  - - -2.867275433893052
  tvec:
  - - 0.1419367391197661
  - - 0.11494651126658241
  - - 0.3388014962448481
- rvec:
  - - -0.8784207153607791
  - - -0.5408137548894889
  - - -2.8678755241754876
  tvec:
  - - 0.08889049503716652
  - - 0.10878816963174477
  - - 0.36086640658452834
- rvec:
  - - -0.6926940920520046
  - - -0.5341856916479801
  - - -2.9341651850533825
  tvec:
  - - 0.019697960394363542
  - - 0.11419409435040137
  - - 0.38110139802899
- rvec:
  - - -0.987169981563301
  - - -0.4842999709501207
  - - 1.308097154506643
  tvec:
  - - -0.14464751749413762
  - - -0.1020492713245632
  - - 0.5979183699458246
- rvec:
  - - -0.697472037643001
  - - -0.2442072054972848
  - - 1.4375549269897037
  tvec:
  - - -0.032870618104631905
  - - -0.10966769789599272
  - - 0.5637803371064091
- rvec:
  - - 0.7718862466041699
  - - 0.9201104518172706
  - - 1.5060958167577503
  tvec:
  - - 0.22285265308412963
  - - -0.10620757036318472
  - - 0.43413703981726565
image_size: !!python/tuple
- 1920
- 1200
intrinsics:
  camera_matrix:
  - - 1854.865266350577
    - 0.0
    - 955.7797153480946
  - - 0.0
    - 1859.600062517203
    - 575.3337080146275
  - - 0.0
    - 0.0
    - 1.0
  dist_coeffs:
  - - -0.4065164794902815
  - - 0.25619726576933505
  - - -0.0007132144758632228
  - - 0.0022170044679628038
  - - -0.1321502952510018
per_frame_errors:
- 0.040799021958011175
- 0.03367144192959132
- 0.03959075724088426
- 0.041557409041891986
- 0.04070928783853505
- 0.04361893169091973
- 0.03449025189656716
- 0.026136898944264613
- 0.029662469043886298
- 0.032834349354770455
- 0.04268699042703706
- 0.03590436800002824
- 0.049959443787308
- 0.04110963068902118
- 0.056648289356890626
- 0.03244630988425808
- 0.04046711337038763
- 0.03412512026566653
- 0.040844372852114105
- 0.04391888274149229
- 0.04034500626369517
- 0.029690130728264614
- 0.0544705573618638
- 0.04732803521884572
- 0.0511148118605647
- 0.052951259625206956
- 0.0732259769636512
- 0.04142178139961031
valid_files_count: 28
