extrinsics:
- rvec:
  - - -0.06706973617580236
  - - 0.15949687992990855
  - - 3.1214429287913537
  tvec:
  - - 0.12548315146953082
  - - 0.0848948000145069
  - - 0.3521446569200191
- rvec:
  - - -1.6534771988482062
  - - 0.2489344972565181
  - - 2.5227405783413936
  tvec:
  - - -0.05185514297189947
  - - 0.09428393564666736
  - - 0.5420136717683303
- rvec:
  - - -1.0165668119821345
  - - -0.16419744861581823
  - - -2.9201302508435214
  tvec:
  - - -0.08116242948007918
  - - 0.0941820816036457
  - - 0.3537449036518738
- rvec:
  - - -0.9297604255592175
  - - -0.9446228604907795
  - - 1.2534944536665613
  tvec:
  - - -0.14041475690866267
  - - -0.1165285006060891
  - - 0.5412231985143116
- rvec:
  - - -0.900733852109274
  - - -0.8631556138321381
  - - 1.2978914541533577
  tvec:
  - - -0.0893023846500562
  - - -0.1221427036861303
  - - 0.560152998173931
- rvec:
  - - -0.7002092457410006
  - - -0.6728851725644414
  - - 1.4073192297003487
  tvec:
  - - 0.005196710177016893
  - - -0.1213692565103766
  - - 0.5601593916199278
- rvec:
  - - -0.6189493659338635
  - - -0.6134025865841544
  - - 1.4541293659877454
  tvec:
  - - 0.07718159627587463
  - - -0.11735048157158613
  - - 0.5489341750847324
- rvec:
  - - -0.5782991371187313
  - - -0.5329265872433303
  - - 1.5122886730299692
  tvec:
  - - 0.1603555874746289
  - - -0.11769628087832401
  - - 0.5492772630058078
- rvec:
  - - -0.5105864910334174
  - - -0.4076990643647241
  - - 1.4686468897951532
  tvec:
  - - 0.22849785584746757
  - - -0.11772168697730777
  - - 0.5369863491554498
- rvec:
  - - -0.15318906219727388
  - - 0.04128857354645113
  - - 1.604407309045026
  tvec:
  - - 0.2721645535601241
  - - -0.11343180080822801
  - - 0.4877533224195708
- rvec:
  - - 0.6804783541795764
  - - 1.0650475705824933
  - - 1.478067172517612
  tvec:
  - - 0.2655988538128881
  - - -0.11376544518441868
  - - 0.44587264322517983
- rvec:
  - - 0.5741116191222242
  - - 0.9326966637248413
  - - 1.558486929606459
  tvec:
  - - 0.19947782763003308
  - - -0.11130770910656505
  - - 0.43689511299640205
- rvec:
  - - -1.5986035394110671
  - - 0.25271721993341517
  - - 2.55269818044969
  tvec:
  - - 0.0010735073599186012
  - - 0.09223259275659895
  - - 0.5567387941951559
- rvec:
  - - 0.4267347117381914
  - - 0.663849195407228
  - - 1.5995581232643132
  tvec:
  - - 0.12114999097208781
  - - -0.11307364734530101
  - - 0.43243961088072064
- rvec:
  - - 0.2683939464225308
  - - 0.3497819979423791
  - - 1.6313947867109486
  tvec:
  - - 0.028770751459502954
  - - -0.12166472354733743
  - - 0.44512354655610054
- rvec:
  - - -1.1340494854562364
  - - -0.4438504452939907
  - - 2.9161483991425174
  tvec:
  - - -0.054412702236301506
  - - 0.16938186957374315
  - - 0.7097566399336122
- rvec:
  - - -0.9513354543447153
  - - -0.6043485954509106
  - - 2.922259489031324
  tvec:
  - - -0.02951943744789945
  - - 0.01680071570153251
  - - 0.6367230748817291
- rvec:
  - - 0.04500266563475645
  - - -0.8149545255783691
  - - 2.93644278328456
  tvec:
  - - 0.3254960051261723
  - - -0.004005358660174153
  - - 0.5959664717044064
- rvec:
  - - 0.04429952388901151
  - - 0.1944264417358482
  - - -3.1237933896982084
  tvec:
  - - 0.3658338470200361
  - - 0.2190669718770915
  - - 0.6527720163048482
- rvec:
  - - -0.04792938160421383
  - - -0.049288987850817326
  - - 3.0089935022403105
  tvec:
  - - 0.39507190704931305
  - - 0.13660625145481986
  - - 0.6547512839284463
- rvec:
  - - 0.6886206553014914
  - - 0.050417296838338094
  - - -2.948100826275059
  tvec:
  - - 0.16812470718060546
  - - 0.22215448690125889
  - - 0.7457581648258661
- rvec:
  - - 0.560061659740172
  - - 0.9192191884217566
  - - -2.899004183470397
  tvec:
  - - 0.08842055278908986
  - - -0.0207367297897249
  - - 0.6660401179923531
- rvec:
  - - 0.6232876327512196
  - - 0.5146639675213457
  - - -2.2745265870272906
  tvec:
  - - 0.04563488761172602
  - - 0.1529201503820915
  - - 0.7658234131588627
- rvec:
  - - -1.1758273445473264
  - - 0.3182299410213101
  - - 2.7896937057806013
  tvec:
  - - 0.09299179464268854
  - - 0.09660548095004681
  - - 0.5104855152512097
- rvec:
  - - -0.9858500327009284
  - - 0.33593835744595046
  - - 2.8663448663190128
  tvec:
  - - 0.17588674469422305
  - - 0.09179494279830261
  - - 0.4756427171042721
- rvec:
  - - -0.8409570252083012
  - - 0.29025234606071243
  - - 2.9355348762190046
  tvec:
  - - 0.25289290821047244
  - - 0.09136944200117947
  - - 0.44415451918052906
- rvec:
  - - -1.707483952403769
  - - -0.2409790053607305
  - - -2.5793542819197315
  tvec:
  - - 0.16093727653438844
  - - 0.09318984795471025
  - - 0.3146607049578538
- rvec:
  - - -1.4531988003956289
  - - -0.24345615404217133
  - - -2.6936342936400135
  tvec:
  - - 0.10891847381323279
  - - 0.08944583804649903
  - - 0.31621927126495886
- rvec:
  - - -1.2128759399377875
  - - -0.2087688553663902
  - - -2.8088107817357004
  tvec:
  - - 0.05491272140113602
  - - 0.0922396664686246
  - - 0.3242681245650732
- rvec:
  - - -1.1700740661500582
  - - -0.20711887674105436
  - - -2.8240634163787903
  tvec:
  - - -0.006253588801140411
  - - 0.08871189652306824
  - - 0.3341137546195364
image_size: !!python/tuple
- 1920
- 1200
intrinsics:
  camera_matrix:
  - - 1756.3881552241144
    - 0.0
    - 933.6222117038022
  - - 0.0
    - 1761.5149524888711
    - 589.650834536259
  - - 0.0
    - 0.0
    - 1.0
  dist_coeffs:
  - - -0.417235912385252
  - - 0.26825034441943246
  - - 0.00024013017091680886
  - - 0.00015661476323086603
  - - -0.1396367950626336
per_frame_errors:
- 0.04337332646800649
- 0.034797092923013875
- 0.04143640208764932
- 0.047653685970625234
- 0.04532150367951689
- 0.04828673155822238
- 0.04616797129348741
- 0.042898412144052475
- 0.04219518797260475
- 0.066447926515962
- 0.045236105512704634
- 0.04939630047472031
- 0.03738189564050879
- 0.0593960183894658
- 0.06522914114185441
- 0.02207923452920912
- 0.01888464003291471
- 0.02623273796702976
- 0.023390212086930255
- 0.024503896178245017
- 0.02618957046804634
- 0.02150895368992922
- 0.03465373097209505
- 0.038217802852262686
- 0.049381900184852376
- 0.04285334399307444
- 0.03910487020483134
- 0.04342377168035364
- 0.04772607715217805
- 0.04685609936657927
valid_files_count: 30
