extrinsics:
- rvec:
  - - 0.11031626701099588
  - - 0.12214250912175816
  - - 3.135778705604776
  tvec:
  - - 0.14527396171689078
  - - 0.08771216517156477
  - - 0.2518570759727362
- rvec:
  - - -0.5815294489867393
  - - -0.6947409355089013
  - - 1.3676520242047352
  tvec:
  - - -0.04253637864124395
  - - -0.12474094174836817
  - - 0.4494048493744932
- rvec:
  - - -0.3864970129095359
  - - -0.5276778301332047
  - - 1.4404866320436651
  tvec:
  - - 0.07162038280244157
  - - -0.11667022231519161
  - - 0.42494237218615877
- rvec:
  - - -0.35456366288769214
  - - -0.5379599213026468
  - - 1.4900444707384544
  tvec:
  - - 0.15837806257426393
  - - -0.10977364117709977
  - - 0.41095110048908245
- rvec:
  - - -0.16623037239211122
  - - -0.32833933178154023
  - - 1.5513249481744456
  tvec:
  - - 0.2546381155062369
  - - -0.10767168861289046
  - - 0.37591916640044304
- rvec:
  - - 1.029753740923686
  - - 1.095110487435394
  - - 1.445106204269149
  tvec:
  - - 0.23263942551659045
  - - -0.10809185063899315
  - - 0.282805696810052
- rvec:
  - - 0.9115932863529396
  - - 1.0087519971232115
  - - 1.4905410039350078
  tvec:
  - - 0.17342307606565976
  - - -0.10824878415568026
  - - 0.3094267139658167
- rvec:
  - - 0.6884488103844559
  - - 0.7530028845039566
  - - 1.5696537979073781
  tvec:
  - - 0.10580658845015527
  - - -0.10480819390257062
  - - 0.3395795729850324
- rvec:
  - - 0.5596632595976307
  - - 0.5936095773505541
  - - 1.5732437332526663
  tvec:
  - - 0.030306974810901353
  - - -0.10343743788401726
  - - 0.35509078289384866
- rvec:
  - - 0.35489153825132314
  - - 0.317241656684544
  - - 1.640611446956754
  tvec:
  - - -0.05136933122125258
  - - -0.09209821501902962
  - - 0.3735218244100029
- rvec:
  - - 0.13750262624432938
  - - 0.13405926531277856
  - - 1.5889323184447197
  tvec:
  - - -0.11876031842969065
  - - -0.08995364174331738
  - - 0.39645953908922954
- rvec:
  - - -1.3082775079364946
  - - 0.07719124447689794
  - - 2.686363734633343
  tvec:
  - - 0.026998496831929283
  - - 0.014378326049878007
  - - 0.5200276240136588
- rvec:
  - - -0.19371415120911215
  - - 0.33313473479990746
  - - 3.1048134602428696
  tvec:
  - - 0.028288571446074363
  - - 0.1493882883922531
  - - 0.41124439950864217
- rvec:
  - - -0.4916242914924885
  - - -0.3795878670097226
  - - -3.0477378973789793
  tvec:
  - - 0.24533424486763242
  - - 0.1415811599954568
  - - 0.3099405099714894
- rvec:
  - - 0.5122100813549818
  - - 0.2661055713398985
  - - -2.9471652787361986
  tvec:
  - - 0.05188742967065377
  - - 0.08052238457709843
  - - 0.474016522182477
- rvec:
  - - 0.6014042570832355
  - - -0.06966465836985765
  - - -2.7804569429233195
  tvec:
  - - 0.10064241488165894
  - - 0.13584038531132997
  - - 0.46363867357058103
- rvec:
  - - -0.06278442544999499
  - - 0.7718885996507973
  - - -2.853398974324035
  tvec:
  - - 0.21175330728784197
  - - 0.10907325525171946
  - - 0.44366424564245116
- rvec:
  - - 0.37502846607488305
  - - -0.5294166008862425
  - - 1.9736119819851417
  tvec:
  - - 0.16106556260635208
  - - -0.023917747290348394
  - - 0.38648499630993016
- rvec:
  - - 0.35133117202699216
  - - -0.3683844768877008
  - - 1.5890873683500284
  tvec:
  - - 0.05455229502896517
  - - -0.06590933568122216
  - - 0.3816665965575577
- rvec:
  - - 0.26246712322004745
  - - -0.2276990304797183
  - - 1.3996020599350212
  tvec:
  - - -0.07106950491544922
  - - -0.08436124114247467
  - - 0.3641202129415037
- rvec:
  - - 0.022479519140748024
  - - -0.5900442098745976
  - - 2.7648247335574814
  tvec:
  - - 0.21195827374220771
  - - 0.09987168821509208
  - - 0.4328552007221275
- rvec:
  - - -1.0780990423716659
  - - 0.04484061416285614
  - - 2.7815593151565237
  tvec:
  - - 0.15326530928870166
  - - 0.023502894712427322
  - - 0.4767729579742875
- rvec:
  - - -0.16592793425277494
  - - 0.04295603623592595
  - - 3.0589274200148
  tvec:
  - - 0.2804978656531592
  - - 0.04579105948212526
  - - 0.3795745738356326
- rvec:
  - - -1.4006481137842646
  - - -0.21028921574208792
  - - -2.662106491293054
  tvec:
  - - 0.17174581097550212
  - - 0.12361931369288383
  - - 0.29038137407640213
- rvec:
  - - -1.2801788805227088
  - - -0.19934100095232385
  - - -2.7296029987688866
  tvec:
  - - 0.10628431350486564
  - - 0.12609764902862425
  - - 0.32776444527401344
- rvec:
  - - -0.9617203084256117
  - - -0.13061917090906755
  - - -2.9115840528457864
  tvec:
  - - 0.057955072250346636
  - - 0.12526393965227378
  - - 0.36004030486655436
- rvec:
  - - -0.4583682626639143
  - - -0.49247103838176576
  - - -3.01655221771096
  tvec:
  - - -0.07343490420872686
  - - 0.15431379316981353
  - - 0.42072254131654324
- rvec:
  - - -0.7778094393717201
  - - -0.9059347050044184
  - - 1.2802340915712405
  tvec:
  - - -0.13684303832650233
  - - -0.12387278730436377
  - - 0.4662582068248889
image_size: !!python/tuple
- 1920
- 1200
intrinsics:
  camera_matrix:
  - - 1474.3801823989031
    - 0.0
    - 922.591598668046
  - - 0.0
    - 1478.178873250339
    - 580.3098364468452
  - - 0.0
    - 0.0
    - 1.0
  dist_coeffs:
  - - -0.4279301276940413
  - - 0.24661512340863453
  - - 0.00015034947885157518
  - - -8.375180412037085e-05
  - - -0.08579505663205597
per_frame_errors:
- 0.05517729941636193
- 0.04654746482305829
- 0.05593624195418958
- 0.051908790783017744
- 0.05774468644164886
- 0.047023104243877824
- 0.047013198836104955
- 0.04828109238242233
- 0.04697241266112513
- 0.04078341134512312
- 0.045686485024584125
- 0.0575721065585069
- 0.04322330456744851
- 0.03546732252968353
- 0.04527944971876462
- 0.04630823608865429
- 0.03460747626495328
- 0.0644902113514225
- 0.06758103667725747
- 0.05767412017035053
- 0.03536838538642717
- 0.05533377506446747
- 0.042310261586806536
- 0.03899394871390629
- 0.040079069649904715
- 0.034837554517492535
- 0.03406572039173747
- 0.036781702052748784
valid_files_count: 28
