extrinsics:
- rvec:
  - - -0.2955894444861284
  - - -0.7385088531643673
  - - -2.9913735447666676
  tvec:
  - - 0.13701027079684483
  - - 0.06358584883373831
  - - 0.2740018993833631
- rvec:
  - - -1.4557831291391228
  - - 0.2008417677258515
  - - 2.5920276308774657
  tvec:
  - - -0.021369713158840023
  - - 0.03160155039699173
  - - 0.536637957086277
- rvec:
  - - -0.6769516527446838
  - - -0.6926011742817615
  - - 1.3873505169268647
  tvec:
  - - -0.0647057765216498
  - - -0.11080278598922715
  - - 0.4893025534328034
- rvec:
  - - -0.6097397900440177
  - - -0.6413784494377983
  - - 1.4241609186858373
  tvec:
  - - 0.013114239045185659
  - - -0.11125455649365573
  - - 0.4805146756193239
- rvec:
  - - -0.5929278024279828
  - - -0.38387206300523397
  - - 1.4493111602889939
  tvec:
  - - 0.09173761675967433
  - - -0.1138865085486938
  - - 0.5085173741697446
- rvec:
  - - -0.5812388724314312
  - - -0.3480981214136814
  - - 1.4553362193369268
  tvec:
  - - 0.14335009460069142
  - - -0.11670389166758563
  - - 0.516567874171906
- rvec:
  - - -0.40377906539173347
  - - -0.2530001741407018
  - - 1.5601736454049726
  tvec:
  - - 0.25846693551106337
  - - -0.11763664033799232
  - - 0.4792582311783844
- rvec:
  - - 0.7964733191070454
  - - 1.0874820212973295
  - - 1.4206728686037302
  tvec:
  - - 0.2654691935705381
  - - -0.11118787558829517
  - - 0.3820077686873155
- rvec:
  - - 0.7458860605385693
  - - 1.0474854904122903
  - - 1.434507548220792
  tvec:
  - - 0.20407753896533373
  - - -0.105234993367073
  - - 0.389859448546843
- rvec:
  - - 0.6235611364735842
  - - 0.9546291181012089
  - - 1.5295437041561246
  tvec:
  - - 0.12546113715839943
  - - -0.10624375313317083
  - - 0.38429509142226215
- rvec:
  - - 0.35087138765275466
  - - 0.4761970022158285
  - - 1.6549022565062166
  tvec:
  - - -0.02308178080595138
  - - -0.10403316275145019
  - - 0.4221427107460847
- rvec:
  - - 0.22122290570587277
  - - 0.24919539456236223
  - - 1.665852251621342
  tvec:
  - - -0.13498397789275854
  - - -0.09006510682433624
  - - 0.4262906599355979
- rvec:
  - - -1.2632348447593826
  - - 0.2152479337306379
  - - 2.6741841272558196
  tvec:
  - - 0.09316756966270726
  - - 0.037319253254335695
  - - 0.5218735395973302
- rvec:
  - - -0.248388901324601
  - - 0.727750371483935
  - - 3.0269107453035313
  tvec:
  - - 0.08459525011052038
  - - 0.14604075576478687
  - - 0.44296353527976073
- rvec:
  - - -0.242007873423194
  - - -0.7082436339054929
  - - -2.9255832114064906
  tvec:
  - - 0.24792200965920866
  - - 0.1341994966447772
  - - 0.3684445972638356
- rvec:
  - - 0.5321108638896992
  - - 0.5775145948529042
  - - 2.8699824185086626
  tvec:
  - - 0.2153356526114678
  - - -0.01040812899544088
  - - 0.3138278431640293
- rvec:
  - - 0.23808482709831333
  - - 0.1488699428554271
  - - 3.1026584942188435
  tvec:
  - - 0.10952041209721666
  - - 0.016883882714984828
  - - 0.4184686006171896
- rvec:
  - - 0.20349513703562713
  - - 0.2662554829258979
  - - -3.0534766238338267
  tvec:
  - - -0.018430926685410104
  - - 0.010195611241971245
  - - 0.5230055501085649
- rvec:
  - - 0.4591234132374018
  - - -0.534088932511762
  - - -2.7162053607622805
  tvec:
  - - 0.06696406895787972
  - - 0.1548281347565861
  - - 0.5038067354953297
- rvec:
  - - 0.03372297352134018
  - - 0.7751646796481443
  - - 2.2399746283508315
  tvec:
  - - 0.08772105842849096
  - - -0.03166459245281352
  - - 0.44214125923368125
- rvec:
  - - -0.2728275445070105
  - - 0.5801115612439741
  - - 1.840598431411322
  tvec:
  - - 0.1429731097885259
  - - -0.07482994268469806
  - - 0.4980131000155837
- rvec:
  - - -0.3362825709546737
  - - 0.3281194420462693
  - - 1.1402051473530552
  tvec:
  - - -0.0997973236328821
  - - -0.1406591636982504
  - - 0.5533097199943285
- rvec:
  - - -0.022614413047290605
  - - 0.582541512814296
  - - 1.941406008744857
  tvec:
  - - 0.2976379660813848
  - - -0.06573780960959523
  - - 0.4567309291514314
- rvec:
  - - -0.8965239392761573
  - - 0.2721798131780576
  - - 2.8498929334834804
  tvec:
  - - 0.18780551437521656
  - - 0.03678736413418539
  - - 0.4913821584668727
- rvec:
  - - -0.4092626837137476
  - - 0.4458675139968835
  - - 2.9636498769653583
  tvec:
  - - 0.30427339292006045
  - - 0.040764166980113835
  - - 0.4102923148573209
- rvec:
  - - -0.46846631480225187
  - - 0.37824528311266375
  - - 3.022315465437687
  tvec:
  - - 0.30899223768839273
  - - 0.1398439457031822
  - - 0.4417661815322691
- rvec:
  - - -0.5604734851888524
  - - 0.36503466963392084
  - - 2.9867458009854957
  tvec:
  - - 0.24304231524278558
  - - 0.1308850732310262
  - - 0.4731858271503554
- rvec:
  - - -0.7061353976925306
  - - 0.3144506408115924
  - - 2.9408456775257292
  tvec:
  - - 0.1599468865790381
  - - 0.13123501391321724
  - - 0.5101948455275465
- rvec:
  - - -0.9147248095832561
  - - 0.1890862487980565
  - - 2.8658745025890386
  tvec:
  - - 0.0035252772330657766
  - - 0.14557273697406292
  - - 0.559172210233546
- rvec:
  - - -0.8041183965696163
  - - -0.8505835324548583
  - - 1.3073581090463737
  tvec:
  - - -0.13284153249752845
  - - -0.11343405168933432
  - - 0.48660066540945324
image_size: !!python/tuple
- 1920
- 1200
intrinsics:
  camera_matrix:
  - - 1533.8961125244496
    - 0.0
    - 924.468779112333
  - - 0.0
    - 1536.9882418752145
    - 590.1806589627321
  - - 0.0
    - 0.0
    - 1.0
  dist_coeffs:
  - - -0.42687211925428664
  - - 0.266995656583522
  - - 0.0006582580111571134
  - - 0.0009207332344563921
  - - -0.11831986444050106
per_frame_errors:
- 0.04578362826310862
- 0.04141132423964847
- 0.05099591836962226
- 0.04984406385733394
- 0.046785246092604094
- 0.04465427820482002
- 0.04940326450831335
- 0.03455564980368092
- 0.03849202468859783
- 0.03384294262591932
- 0.03425714648373891
- 0.03526291772574263
- 0.04662841996177786
- 0.03216815647166756
- 0.03880851776550351
- 0.04046825359189462
- 0.031992850923005384
- 0.028213271249388317
- 0.03429055359177239
- 0.03230527408218885
- 0.06989695031162027
- 0.07224140432052376
- 0.06005185682058437
- 0.04063076080738047
- 0.03200033571433144
- 0.03219346111661793
- 0.03755815856807625
- 0.038984871665708576
- 0.03463543523347348
- 0.046130892593766834
valid_files_count: 30
