extrinsics:
- rvec:
  - - -0.0072481733207526025
  - - 0.4510001081958822
  - - 3.10368530305383
  tvec:
  - - 0.14279569277794868
  - - 0.07308041142864871
  - - 0.40031110724736807
- rvec:
  - - -1.231532989913098
  - - 0.32263454647533507
  - - 2.729995492483652
  tvec:
  - - -0.03158738401501196
  - - 0.03393038756774262
  - - 0.5802683575024028
- rvec:
  - - -0.7646462746683882
  - - -0.7090234581722282
  - - 1.3998538314809617
  tvec:
  - - -0.05216373230340916
  - - -0.1196804166837863
  - - 0.5707365373270163
- rvec:
  - - -0.5672464327286614
  - - -0.11864809690798246
  - - 1.5250166634123954
  tvec:
  - - 0.06532955690110194
  - - -0.10351890830420725
  - - 0.5733088740869187
- rvec:
  - - -0.7165826933343976
  - - -0.16229945516976121
  - - 1.4553126380172872
  tvec:
  - - 0.11952137943075779
  - - -0.12111289043238192
  - - 0.6301819775734535
- rvec:
  - - -0.7234191951988026
  - - -0.2102129737790034
  - - 1.4469386459643492
  tvec:
  - - 0.21237589295051715
  - - -0.10625911818674932
  - - 0.5956340867047408
- rvec:
  - - -0.5713215136356272
  - - -0.0553555992713914
  - - 1.582828917218525
  tvec:
  - - 0.3193746037472144
  - - -0.0954353095621442
  - - 0.5753351197440897
- rvec:
  - - 0.38517201131377565
  - - 0.8662343822894965
  - - 1.7061754038799823
  tvec:
  - - 0.30719592978015753
  - - -0.10383340815235702
  - - 0.47574236302004747
- rvec:
  - - 0.3970171583929429
  - - 0.8751466953649614
  - - 1.7033684080100435
  tvec:
  - - 0.24252461960368338
  - - -0.10521449780453777
  - - 0.48254121044858483
- rvec:
  - - 0.4124983950084832
  - - 0.8266633667732504
  - - 1.692933542704068
  tvec:
  - - 0.1466020129593436
  - - -0.10191947692754592
  - - 0.44934155457233205
- rvec:
  - - 0.37490445456277977
  - - 0.7891188132339931
  - - 1.7279664722335093
  tvec:
  - - 0.04554186817165296
  - - -0.09845382773831941
  - - 0.46111452390688146
- rvec:
  - - 0.2608628318158348
  - - 0.5482007612302224
  - - 1.715444354441879
  tvec:
  - - -0.03795673540713122
  - - -0.09550175016818654
  - - 0.473605641415604
- rvec:
  - - 0.5489643249954312
  - - -0.7859475159243559
  - - -2.6844037410058297
  tvec:
  - - -0.001220108188823184
  - - 0.1391643543721619
  - - 0.5583265599530648
- rvec:
  - - 0.35130968062137724
  - - -0.5174446985140099
  - - -3.034935078143063
  tvec:
  - - 0.017748159832779536
  - - 0.034663266305985665
  - - 0.5404700248383238
- rvec:
  - - -0.10284605541792907
  - - -0.7644766440970259
  - - -2.816904845557639
  tvec:
  - - 0.2494283289957395
  - - 0.15657515579614092
  - - 0.44692822705857965
- rvec:
  - - -0.2412317845751229
  - - 0.6452112146086474
  - - 2.649059893903925
  tvec:
  - - 0.16102943491980026
  - - 0.004548291337753345
  - - 0.5322936412889899
- rvec:
  - - 0.48137573285668345
  - - -0.5844903735083633
  - - -2.701121266224598
  tvec:
  - - -0.023969678351751487
  - - 0.11688475910287183
  - - 0.5782375395937612
- rvec:
  - - -0.4196554679632209
  - - 0.41249743699780433
  - - 1.667896628203506
  tvec:
  - - 0.1251978039321469
  - - -0.10509127387018886
  - - 0.6408544670191872
- rvec:
  - - -0.4830455173549732
  - - 0.2525723764621494
  - - 1.2254144287943465
  tvec:
  - - -0.10136278929296107
  - - -0.10983545872933557
  - - 0.697029998454783
- rvec:
  - - -0.07546558029331016
  - - 0.736400364314768
  - - 1.3821311020676488
  tvec:
  - - 0.2360243986977762
  - - -0.11337891030536297
  - - 0.6001613286895885
- rvec:
  - - -0.8860315303733959
  - - 0.36980952555421004
  - - 2.8853874915785322
  tvec:
  - - 0.2004505693413872
  - - 0.03337378211282041
  - - 0.5088964315685985
- rvec:
  - - -0.554880149014073
  - - 0.4635561023676303
  - - 2.972585702418031
  tvec:
  - - 0.296282141465182
  - - 0.04108190962106185
  - - 0.4831464503050042
- rvec:
  - - -1.2831176524855963
  - - -0.4103102142895044
  - - -2.6831308074412807
  tvec:
  - - 0.22447285937869207
  - - 0.13897786440396653
  - - 0.419997961457769
- rvec:
  - - -1.1596665095071943
  - - -0.42800327236179386
  - - -2.7252429207036544
  tvec:
  - - 0.142272551280629
  - - 0.13785773078283317
  - - 0.4487962127865343
- rvec:
  - - -0.963462457882769
  - - -0.3741299572995532
  - - -2.799948669264079
  tvec:
  - - 0.07410190331314039
  - - 0.15589983075856131
  - - 0.4598225174680196
- rvec:
  - - -0.38540723167996144
  - - -0.35383763050698475
  - - -3.0221422577670705
  tvec:
  - - -0.03028966891554208
  - - 0.14052445612485776
  - - 0.45351498280306035
- rvec:
  - - -0.7374233693969388
  - - -0.6971344476155363
  - - 1.3774950200341338
  tvec:
  - - -0.13566722621949562
  - - -0.11640172527723519
  - - 0.5656764723243933
image_size: !!python/tuple
- 1920
- 1200
intrinsics:
  camera_matrix:
  - - 1733.4513486421195
    - 0.0
    - 916.3275432267423
  - - 0.0
    - 1735.9722847794687
    - 600.7359878542694
  - - 0.0
    - 0.0
    - 1.0
  dist_coeffs:
  - - -0.41259125380489015
  - - 0.2629244658578547
  - - -0.000824377264300846
  - - 8.735529309591679e-05
  - - -0.13368698113068472
per_frame_errors:
- 0.050144983197180325
- 0.03962062111178906
- 0.04302630369419585
- 0.056255947741262934
- 0.03844183204422714
- 0.03827326512196805
- 0.03840168147884534
- 0.03859303223816257
- 0.039545912787778484
- 0.041213809722893735
- 0.03369831907668273
- 0.03461794997682543
- 0.03293505097954597
- 0.030536736067788953
- 0.03593686150270924
- 0.03614822193907361
- 0.03647782562508838
- 0.05368516037690262
- 0.05225019931759852
- 0.04456894576314345
- 0.03637595972986209
- 0.03160410124160654
- 0.041792665679236216
- 0.035805619854845455
- 0.03714570143064572
- 0.043947339904819686
- 0.04499120104940619
valid_files_count: 27
