extrinsics:
- rvec:
  - - -0.07303940426233078
  - - 0.03711968788197
  - - -3.0791980462944455
  tvec:
  - - 0.17566790791110487
  - - 0.10599548437723139
  - - 0.3121840932211372
- rvec:
  - - -1.6520483030280995
  - - 0.006510175706192572
  - - 2.5608116367980456
  tvec:
  - - -0.0642272961612721
  - - 0.07403437679261045
  - - 0.5137688092289417
- rvec:
  - - -0.8903061424579136
  - - 0.02475636483180323
  - - -2.8872436861698816
  tvec:
  - - -0.02847958201127947
  - - 0.10018894468121106
  - - 0.33458524125376066
- rvec:
  - - -0.7228561993009402
  - - -0.684323333106081
  - - 1.4104402931882873
  tvec:
  - - -0.10124896648598973
  - - -0.11134061878977529
  - - 0.4749237501090814
- rvec:
  - - -0.7608182476413818
  - - -0.7322828646566489
  - - 1.3935185007174773
  tvec:
  - - -0.03834245878329793
  - - -0.12346860719015909
  - - 0.5158504025705151
- rvec:
  - - -0.7462811584718142
  - - -0.6984403810938549
  - - 1.4220508638372802
  tvec:
  - - 0.0296809479658342
  - - -0.12452174158254853
  - - 0.5322328748541472
- rvec:
  - - -0.5142452688663646
  - - -0.560270619348342
  - - 1.5125354532057589
  tvec:
  - - 0.12302027675717796
  - - -0.11992831614623518
  - - 0.5151217058918542
- rvec:
  - - -0.3522327623997103
  - - -0.37940283598235713
  - - 1.5755459277049322
  tvec:
  - - 0.24043570071924006
  - - -0.09942822974173327
  - - 0.5061729593875784
- rvec:
  - - -0.22905927757047365
  - - -0.22297303100419982
  - - 1.6288502005226921
  tvec:
  - - 0.3154332244906102
  - - -0.07186034236959857
  - - 0.46151859798084865
- rvec:
  - - 0.8232073337403726
  - - 0.8975960181242325
  - - 1.501385558498863
  tvec:
  - - 0.24099296322470384
  - - -0.10905318407789837
  - - 0.36130366812339976
- rvec:
  - - 0.8254584978216485
  - - 0.9407840369746633
  - - 1.4669048903394675
  tvec:
  - - 0.14156988705162163
  - - -0.1216663197891913
  - - 0.3446526826757712
- rvec:
  - - 0.4589021557807503
  - - 0.5567413854812648
  - - 1.6123204003059468
  tvec:
  - - 0.07500492886428241
  - - -0.12098445416363152
  - - 0.35912325423948893
- rvec:
  - - -1.65764229113139
  - - 0.004388140772166191
  - - 2.5726603435713677
  tvec:
  - - 0.0011765683430022178
  - - 0.06963953809599359
  - - 0.5283330419468559
- rvec:
  - - 0.3883705335035012
  - - 0.4792548261584567
  - - 1.6116626612113858
  tvec:
  - - -0.03162228274562811
  - - -0.11268171127416729
  - - 0.37400325826545905
- rvec:
  - - 0.27415264893190205
  - - 0.4064057645560081
  - - 1.5900183038790507
  tvec:
  - - -0.12468424220323511
  - - -0.10722387683687253
  - - 0.4183900671587017
- rvec:
  - - -0.26022663044717126
  - - -0.7797046214884258
  - - 2.673385838311441
  tvec:
  - - 0.09665732711816384
  - - -0.005702725597757816
  - - 0.5495379472664995
- rvec:
  - - -0.04342296824490255
  - - -1.1971670341746043
  - - 2.8027424362928395
  tvec:
  - - 0.24326563594701234
  - - -0.015147800409484885
  - - 0.5521202586997098
- rvec:
  - - -0.5476207506188251
  - - -0.9926258982964802
  - - 2.920629618326319
  tvec:
  - - -0.015155839056117405
  - - 0.004092116671644139
  - - 0.5575019291445005
- rvec:
  - - 0.13439064658440936
  - - 0.5146525283210229
  - - -3.0613612366277163
  tvec:
  - - 0.10845239424526064
  - - 0.17796206492613068
  - - 0.5631888505920127
- rvec:
  - - 0.5470311478568118
  - - 0.571613980272739
  - - -2.7796852471812405
  tvec:
  - - 0.012500445728648299
  - - 0.09602661138754243
  - - 0.5780379331570277
- rvec:
  - - 0.23227881878641157
  - - -0.7968924120276655
  - - 2.454632858148346
  tvec:
  - - 0.18546523044668628
  - - 0.04090040946829706
  - - 0.508554893775415
- rvec:
  - - -0.004122063267261419
  - - -0.10336101289818578
  - - -3.1059163170876976
  tvec:
  - - 0.33713446708628736
  - - 0.18222783372174461
  - - 0.5384066289873354
- rvec:
  - - -1.2356464818294521
  - - 0.022249740452805797
  - - 2.838636399647189
  tvec:
  - - 0.11625499115701339
  - - 0.08329067757170291
  - - 0.5097574832069766
- rvec:
  - - -0.9360103924417129
  - - 0.07699654484026497
  - - 2.950758296245205
  tvec:
  - - 0.19388055614572489
  - - 0.09634429816100522
  - - 0.489455241000063
- rvec:
  - - 0.6594842225426876
  - - 0.10137490493048079
  - - -3.052843571556395
  tvec:
  - - 0.28610685180115664
  - - 0.09738292633616656
  - - 0.4687597375520178
- rvec:
  - - -1.5751134541513625
  - - -0.15839096276090459
  - - -2.5789009136339835
  tvec:
  - - 0.23384266287937283
  - - 0.09209012239349147
  - - 0.39739769013322396
- rvec:
  - - -1.5523705564754566
  - - -0.0922691045421137
  - - -2.591527073048606
  tvec:
  - - 0.16459814595963826
  - - 0.08920884486022443
  - - 0.36240905222124137
- rvec:
  - - -1.359276833611956
  - - -0.028484588623883027
  - - -2.688844373348155
  tvec:
  - - 0.09584316013221367
  - - 0.08326196451341314
  - - 0.3525716659488549
- rvec:
  - - -1.125093869838764
  - - -0.0022633303234284117
  - - -2.755804446118099
  tvec:
  - - 0.020633824349171406
  - - 0.10447621029096041
  - - 0.3329173408184593
image_size: !!python/tuple
- 1920
- 1200
intrinsics:
  camera_matrix:
  - - 1606.1539290457022
    - 0.0
    - 927.39810007276
  - - 0.0
    - 1611.0822848769863
    - 587.9594015231588
  - - 0.0
    - 0.0
    - 1.0
  dist_coeffs:
  - - -0.4248903988884666
  - - 0.2724737471279141
  - - -9.22089585415994e-05
  - - -0.00015116307522590548
  - - -0.12831413810818584
per_frame_errors:
- 0.04175718803364501
- 0.048069758253841736
- 0.04281444698775384
- 0.0561063298394745
- 0.04471546908564731
- 0.04069578082003173
- 0.043107584486957326
- 0.04275801616930513
- 0.04744844080900159
- 0.04927359058972487
- 0.04874818614399399
- 0.05816915802606675
- 0.049236324111967746
- 0.04629425635498797
- 0.03971856654970245
- 0.03126637537536476
- 0.021694279211354646
- 0.020817246505159235
- 0.01835488038902119
- 0.03133821796136598
- 0.037754471016263044
- 0.026123106667382705
- 0.0473508258516454
- 0.045643568813216295
- 0.03441842680162179
- 0.029880381234410485
- 0.031302721809520505
- 0.036506972781986634
- 0.042968962510491114
valid_files_count: 29
